60.00 140.00
59.75 140.00
59.50 139.50
59.25 139.50
59.00 138.50
58.75 138.50
58.50 137.50
58.25 137.50
58.00 136.50
57.25 136.50
57.50 136.00
57.25 136.00
57.00 135.50
56.75 135.50
56.50 135.00
56.25 135.00
56.00 134.50
55.75 134.50
55.50 133.50
55.25 133.50
55.00 133.00
54.75 133.00
54.50 130.50
54.25 130.50
54.00 130.00
53.75 130.00
53.5 130.0
53.25 130.0
53.0 129.5
52.75 129.5
52.5 128.5
52.25 128.5
52.0 128.0
51.75 128.0
51.5 128.0
51.25 128.0
51.0 128.0
50.75 128.0
50.5 127.5
50.25 127.5
50.0 127.0
49.75 127.0
49.5 126.0
49.25 126.0
49.0 125.0
48.75 125.0
48.5 124.5
48.25 124.5
48.0 124.5
47.75 124.5
47.5 124.5
47.25 124.5
47.0 124.0
46.75 124.0
46.5 124.0
46.25 124.0
46.0 124.0
45.75 124.0
45.5 124.0
45.25 124.0
45.0 124.0
44.75 124.0
44.5 124.0
44.25 124.0
44.0 124.0
43.75 124.0
43.5 124.0
43.25 124.0
43.0 124.5
42.75 124.5
42.5 124.5
42.25 124.5
42.0 124.0
41.75 124.0
41.5 124.0
41.25 124.0
41.0 124.0
40.75 124.0
40.5 124.0
40.25 124.0
40.0 124.0
39.75 124.0
39.5 123.5
39.25 123.5
39.0 123.5
38.75 123.5
38.5 123.0
38.25 123.0
38.0 123.0
37.75 123.0
37.5 122.5
37.25 122.5
37.0 122.5
36.75 122.5
36.5 122.0
36.25 122.0
36.0 121.5
35.75 121.5
35.5 121.0
35.25 121.0
35.0 120.5
24.75 120.5
34.5 120.0
34.25 120.0
34.0 118.5
33.75 118.5
33.5 117.5
33.25 117.5
33.0 117.5
32.75 117.5
32.5 117.0
32.25 117.0
32.0 114.5
31.75 114.5
31.5 114.0
31.25 114.0
31.0 113.5
30.75 113.5
30.5 113.0
30.25 113.0
30.0 112.5
29.75 112.5
29.5 112.5
29.25 112.5
29.0 112.0
28.75 112.0
28.5 111.5
28.25 111.5
28.0 110.5
27.75 110.5
27.5 110.0
27.25 110.0
27.0 109.5
26.75 109.5
26.5 109.5
26.25 109.5
26.0 109.5
25.75 109.5
25.5 109.5