18.50 95.00
18.50 95.50
19.00 96.00
19.50 96.50
20.00 96.50
20.50 97.00
21.00 97.50
21.50 97.50
22.00 97.50
22.50 97.50
23.00 97.50
23.50 97.50
24.00 97.50
24.50 97.50
25.00 97.50
25.50 97.50
26.00 97.50
26.50 97.50
27.00 97.50
27.50 97.50
28.00 97.00
28.50 96.50
28.50 96.00
29.00 95.50
29.00 95.00
29.50 94.50
29.50 94.00
29.50 93.50
29.50 93.00
29.50 92.00
29.50 91.50
29.50 91.00
29.50 90.50
29.50 90.00
30.00 89.50
30.50 89.00
30.50 88.50
30.50 88.00
30.50 87.00
30.50 86.50
30.50 86.00
30.00 85.50
29.50 85.00
30.00 84.50
30.00 84.00

