60.00 140.00
59.50 139.50
59.00 138.50
58.50 137.50
58.00 136.50
57.50 136.00
57.00 135.50
56.50 135.00
56.00 134.50
55.50 133.50
55.00 133.00
54.50 130.50
54.00 130.00
53.5 130.0
53.0 129.5
52.5 128.5
52.0 128.0
51.5 128.0
51.0 128.0
50.5 127.5
50.0 127.0
49.5 126.0
49.0 125.0
48.5 124.5
48.0 124.5
47.5 124.5
47.0 124.0
46.5 124.0
46.0 124.0
45.5 124.0
45.0 124.0
44.5 124.0
44.0 124.0
43.5 124.0
43.0 124.5
42.5 124.5
42.0 124.0
41.5 124.0
41.0 124.0
40.5 124.0
40.0 124.0
39.5 123.5
39.0 123.5
38.5 123.0
38.0 123.0
37.5 122.5
37.0 122.5
36.5 122.0
36.0 121.5
35.5 121.0
35.0 120.5
34.5 120.0
34.0 118.5
33.5 117.5
33.0 117.5
32.5 117.0
32.0 114.5
31.5 114.0
31.0 113.5
30.5 113.0
30.0 112.5
29.5 112.5
29.0 112.0
28.5 111.5
28.0 110.5
27.5 110.0
27.0 109.5
26.5 109.5
26.0 109.5
25.5 109.5
18.50 95.00
18.50 95.50
19.00 96.00
19.50 96.50
20.00 96.50
20.50 97.00
21.00 97.50
21.50 97.50
22.00 97.50
22.50 97.50
23.00 97.50
23.50 97.50
24.00 97.50
24.50 97.50
25.00 97.50
25.50 97.50
26.00 97.50
26.50 97.50
27.00 97.50
27.50 97.50
28.00 97.00
28.50 96.50
28.50 96.00
29.00 95.50
29.00 95.00
29.50 94.50
29.50 94.00
29.50 93.50
29.50 93.00
29.50 92.00
29.50 91.50
29.50 91.00
29.50 90.50
29.50 90.00
30.00 89.50
30.50 89.00
30.50 88.50
30.50 88.00
30.50 87.00
30.50 86.50
30.50 86.00
30.00 85.50
29.50 85.00
30.00 84.50
30.00 84.00

